-323-

reciperare 111. comunt« ι(162, 16, 23620, 23619, 21617), 1111111 reusspsrstor 111.
sum ders'nnts's constanter (616, 20613, 22617, 22618, 2368, 251,1.2).

redduntur 1569 (1111111111).

relinqueris (pro reliquerit) 13614, relinquam (pro reliquum) 11611, sons. 11111111 621,
eontra reliqust (pro relinqunt) 13618, reliquuntur 1 pro relinquuntur) 7616-16,

item 1116111611 2365.

1111111111111111111111111 (168, 2616, 1161, 1661, 18623, 2261, 2366), rettulisse 1865.

rursus 1111191 [item retrorsus, conf. 238,1t]; contra rursum 113, 23, 1561.

1 salso pro us: conueniet 77, 2-8,

s saiso pro ss: 0111115617, 1111111111 666, posiderit (pro possederit) 66, 22, 1116111111
15,1, 55,11,11,11,11,1-1, 111, 11111, 11111, 11111, 11111, contra
ss sntsn pro 11 11111111111113616, permisserit (pro promiserit) 2168, sons· 1111111
paq. 281 suls ν’ 1111119. 298 sub 11113,161141,21126,17 11966112165, st 163,
11 n 111111 1111 n 115,11-11 1115111 n 111 n 111111 1161.

1111111111111.1111191127,5,71,18-19, 7620-21, 7616-11, 12612, 12616-17, 179,
13, 1865, 1861621) [111111111111116 11111111116111111111117,29, 1111116111
266-7,

scriptus 111. 111111 111111111111111111111111111191, eontra scribtus 111111. 65, 8616,
8617, 866, 9615, 10612, 16619, 1166, 111161 (17615) ptr compendium
1111611111. · ’

11111621, 2620, 26610, 264, 361616, 361, 3617, 1622, 16659, 1612, ts,
1616161671, 5611, 52, 2622, 6610, 5622, 661623, 6615, 66162621,
6617, 6629, 66, 20, 66619, 7616, 761623, 761, 761. 16, 7610, 765, 768,
7623, 868, 8621, 86616, 8622, 866, 963, 961618, 9661629, 9613,
96615, 191,1.13.1,7,’1967, 101, 2623, 1961621, 1966616, 106117, 1165,
11668,116616,11621,11612,116,12.2128,1165, 116619, 1166, 1267,
121,18.21.22,“125,22, 1266, 12616, 1261619, 1261615, 16621, 136616,
1364, 13616161621, 1668, 13626, 13624, 11619, 116618, 11613, 1162,
16611, 161,13.21,.162,1.26, 15611, 16621, 15611, 1566711111 111629, 165,
13, 167,9, 1662621, 17612, 1866, 1665, 18615, 1865, 18661621, 1865,
196,19.19, 1961, 29621, 29617, 2066621, 26661, 2162, 216615, 217,21,
21621, 238,.7,’215,8, 622 (sedqui pro sequit; 11111111 set: 261622, 2611,
269, 367, 1166162221, 36619, 361, 163,16611116,1619.28,1611.16,
11,1.11,11,1,’51,11, 51111, 51,15,11,1.11;15,1.11; 11,1;11,1,11,11,11,1,
8616, 9629, 16619, 111616, 112,21, 113,15, 1216161621, 122,17,12618,126
1616, 1662, 13667, 15622, 166620, 16619, 16615, 16621, 12619, 1764,
17611, 17621, 17661661621,1861629, 1862621, 19621, 1968, 19612.
22, 21163, 2161, 1111].111’111761211 196211 et 176611 186111 [11111 111).

1111611111· compensum scribitur.

sollemnis 111. constanter 12621, 861623, 223, 1-5).
spatium 111. constanter.
suicidiorum 569 11111 unico). y
sub 111 compositis: ’ ,
1) suss- constanter.
11 sust- 11111111.

3) summouere 111. 1111111111 (7623, 765, 766, 668, 9617-18, 966, 9617,
962, 1161611622, 11623, 17621, 228, 29, 236, 1. 9).
1) suppositis 2562.
5) subripere 111. 769, 762, 17621, 16611113, 1861616, 1867 eontra
surriperet 181‚s.³; surrepto {pro surreptas) 1762-9.
12

 

